
0,0399998474113137 1 4

2726


0,0399999180799176 1 5

2535


0,0399999047394995 1 6

2345


0,039999805717292 1 7

2217


0,0399999237050018 1 8

2211


0,0399999665478093 1 9

2275


0,039999938963932 10 4

1831


0,0399999590398018 10 5

1752


0,0399999428436435 10 6

1565


0,0399998640025766 10 7

1434


0,039999938964068 10 8

1493


0,0399999698926081 10 9

1494


0,0399999023427464 100 4

1373


0,0399998975990093 100 5

1305


0,0399999657061634 100 6

1303


0,0399999048009155 100 7

1115


0,0399999511711379 100 8

1113


0,0399999729034866 100 9

1172


0,0399998437494382 1000 4

917


0,0399999487994393 1000 5

1040


0,0399998765421604 1000 6

908


0,0399999333603735 1000 7

908


0,0399999609369338 1000 8

911


0,0399999756131266 1000 9

971


0,0399999374999792 10000 4

907


0,0399998719995067 10000 5

777


0,0399999259255265 10000 6

777


0,0399999533521877 10000 7

778


0,0399999687493384 10000 8

776


0,0399998024699425 10000 9

649


0,0399998999992442 100000 4

649


0,0399999359996201 100000 5

648


0,03999995555561 100000 6

647


0,0399999673464313 100000 7

648


0,0399999749995331 100000 8

648


0,0399998222219088 100000 9

518


0,0399998400000148 1000000 4

386


0,0399998400000148 1000000 5

386


0,0399998400000148 1000000 6

386


0,0399998400000148 1000000 7

386


0,0399998400000148 1000000 8

386


0,0399998400000148 1000000 9

386


0,0399999893874014 10000000 4

386


0,0399999893874014 10000000 5

386


0,0399999893874014 10000000 6

386


0,0399999893874014 10000000 7

386


0,0399999893874014 10000000 8

386


0,0399999893874014 10000000 9

386


0,0399999984001588 100000000 4

451


0,0399999984001588 100000000 5

451


0,0399999984001588 100000000 6

451


0,0399999984001588 100000000 7

451


0,0399999984001588 100000000 8

451


0,0399999984001588 100000000 9

451


0,0399999998401745 1000000000 4

450


0,0399999998401745 1000000000 5

450


0,0399999998401745 1000000000 6

450


0,0399999998401745 1000000000 7

450


0,0399999998401745 1000000000 8

450


0,0399999998401745 1000000000 9

450


0,039999999984168 10000000000 4

451


0,039999999984168 10000000000 5

451


0,039999999984168 10000000000 6

451


0,039999999984168 10000000000 7

451


0,039999999984168 10000000000 8

451


0,039999999984168 10000000000 9

451


0,0399999999986021 100000000000 4

580


0,0399999999986021 100000000000 5

580


0,0399999999986021 100000000000 6

580


0,0399999999986021 100000000000 7

580


0,0399999999986021 100000000000 8

580


0,0399999999986021 100000000000 9

580


0,0400000000000216 1000000000000 4

579


0,0400000000000216 1000000000000 5

579


0,0400000000000216 1000000000000 6

579


0,0400000000000216 1000000000000 7

579


0,0400000000000216 1000000000000 8

579


0,0400000000000216 1000000000000 9

579


0,0400000000001658 10000000000000 4

578


0,0400000000001658 10000000000000 5

578


0,0400000000001658 10000000000000 6

578


0,0400000000001658 10000000000000 7

578


0,0400000000001658 10000000000000 8

578


0,0400000000001658 10000000000000 9

578


0,0400000000001914 100000000000000 4

580


0,0400000000001914 100000000000000 5

580


0,0400000000001914 100000000000000 6

580


0,0400000000001914 100000000000000 7

580


0,0400000000001914 100000000000000 8

580


0,0400000000001914 100000000000000 9

580


0,0400000000001829 1E+15 4

580


0,0400000000001829 1E+15 5

580


0,0400000000001829 1E+15 6

580


0,0400000000001829 1E+15 7

580


0,0400000000001829 1E+15 8

580


0,0400000000001829 1E+15 9

580


0,0400000000002077 1E+16 4

577


0,0400000000002077 1E+16 5

577


0,0400000000002077 1E+16 6

577


0,0400000000002077 1E+16 7

577


0,0400000000002077 1E+16 8

577


0,0400000000002077 1E+16 9

577


0,0400000000001825 1E+17 4

580


0,0400000000001825 1E+17 5

580


0,0400000000001825 1E+17 6

580


0,0400000000001825 1E+17 7

580


0,0400000000001825 1E+17 8

580


0,0400000000001825 1E+17 9

580


0,0400000000002071 1E+18 4

578


0,0400000000002071 1E+18 5

578


0,0400000000002071 1E+18 6

578


0,0400000000002071 1E+18 7

578


0,0400000000002071 1E+18 8

578


0,0400000000002071 1E+18 9

578


0,0400000000002287 1E+19 4

578


0,0400000000002287 1E+19 5

578


0,0400000000002287 1E+19 6

578


0,0400000000002287 1E+19 7

578


0,0400000000002287 1E+19 8

578


0,0400000000002287 1E+19 9

578

